5 0.0 0.0
10 0.0015625715255737304 0.0
50 0.0015674114227294921 0.0008000373840332031
100 0.002400994300842285 0.0019002437591552734
500 0.0115037202835083 0.01490457057952881
1000 0.024154067039489746 0.03595387935638428
5000 0.12499284744262695 0.27034285068511965
10000 0.22345049381256105 0.6156624794006348
15000 0.31407842636108396 0.9500545978546142
20000 0.42658870220184325 1.4110051155090333
25000 0.5078422784805298 1.8594833374023438
30000 0.5859717130661011 2.15325071811676
35000 0.6578352212905884 2.7892245054244995
40000 0.8310916900634766 3.3736328125
50000 0.9016152620315552 4.437773585319519
60000 1.0703748703002929 5.483863162994385
70000 1.2641212224960328 6.980757689476013
80000 1.3984990119934082 8.627065777778625
100000 1.732913613319397 11.183450603485108
