-1.0 0.06344412326812744 0.12062912940979004
-0.95 0.064381422996521 0.12063203334808349
-0.9 0.0637510633468628 0.12094451427459717
-0.85 0.06438174724578857 0.12156662464141846
-0.8 0.0640715503692627 0.12218930721282958
-0.75 0.06406626701354981 0.12250716686248779
-0.7 0.06469395160675048 0.12375454902648926
-0.65 0.06625385284423828 0.12469777584075928
-0.6 0.06656340122222901 0.12719783306121826
-0.55 0.06719143867492676 0.12750741004943847
-0.5 0.07218883037567139 0.12656988620758056
-0.45 0.0725070858001709 0.1296922016143799
-0.4 0.07250721454620361 0.13031977653503418
-0.35 0.07313036918640137 0.13344149589538573
-0.3 0.07000683307647705 0.1343830966949463
-0.25 0.07312631130218505 0.13219855308532716
-0.2 0.07594130992889404 0.13969557762145995
-0.15 0.07062943935394288 0.14031768798828126
-0.1 0.073757963180542 0.14125463485717774
-0.05 0.07375726699829102 0.1403395938873291
0.0 0.07344473838806152 0.14000524044036866
0.05 0.0734446907043457 0.13563292503356933
0.1 0.07283236980438232 0.1334491777420044
0.15 0.07125391006469727 0.13000685214996338
0.2 0.0750044059753418 0.12875743865966796
0.25 0.07344317436218262 0.1271907329559326
0.3 0.07188182830810547 0.1234420394897461
0.35 0.07406985759735107 0.12000692844390869
0.4 0.07219168663024902 0.11687888145446777
0.45 0.07313219547271728 0.11438165187835693
0.5 0.06875107765197754 0.11188158512115479
0.55 0.06625653743743896 0.1103192138671875
0.6 0.0662538194656372 0.10813130378723144
0.65 0.06500380516052245 0.10687832832336426
0.7 0.06469470977783204 0.1040651559829712
0.75 0.06438162326812744 0.10219322204589844
0.8 0.06434526443481445 0.10375871658325195
0.85 0.06437612056732178 0.09969597816467285
0.9 0.06516484260559081 0.09812785148620605
0.95 0.06464619636535644 0.09839990139007568
1.0 0.0643787670135498 0.09828670024871826
