0 2.000570297241211e-05 4.999637603759765e-06
1 1.5032291412353515e-05 4.999637603759765e-06
2 1.5006065368652343e-05 1.5003681182861328e-05
3 3.0040740966796875e-05 4.5003890991210935e-05
4 4.0056705474853513e-05 0.00013005733489990234
5 6.003856658935547e-05 0.00045031309127807617
6 0.0001751852035522461 0.0016910362243652344
7 0.0005307149887084961 0.007249479293823242
8 0.0019665145874023437 0.028523805141448973
9 0.0075751829147338865 0.11752890110015869
10 0.032111411094665525 0.4473065757751465
11 0.12850632905960083 1.7797845387458802
12 0.5193712496757508 7.210557870864868
13 2.083348796367645 28.67575379371643
