962 917 898 882 881 853 849 825 810 804 796 757 706 688 678 654 594 526 519 516 492 479 477 474 453 439 409 396 386 385 377 364 347 308 304 277 261 232 230 193 185 162 160 131 95 92 75 55 47 43 
962 917 898 882 881 853 849 825 810 804 796 757 706 688 678 654 594 526 519 516 492 479 477 474 453 439 409 396 386 385 377 364 347 308 304 277 261 232 230 193 185 162 160 131 95 92 75 55 47 43 
917 962 898 882 881 853 849 825 810 804 796 757 706 688 678 654 594 526 519 516 492 479 477 474 453 439 409 396 386 385 377 364 347 308 304 277 261 232 230 193 185 162 160 131 95 92 75 55 47 43 
898 917 962 882 881 853 849 825 810 804 796 757 706 688 678 654 594 526 519 516 492 479 477 474 453 439 409 396 386 385 377 364 347 308 304 277 261 232 230 193 185 162 160 131 95 92 75 55 47 43 
882 898 917 962 881 853 849 825 810 804 796 757 706 688 678 654 594 526 519 516 492 479 477 474 453 439 409 396 386 385 377 364 347 308 304 277 261 232 230 193 185 162 160 131 95 92 75 55 47 43 
881 882 898 917 962 853 849 825 810 804 796 757 706 688 678 654 594 526 519 516 492 479 477 474 453 439 409 396 386 385 377 364 347 308 304 277 261 232 230 193 185 162 160 131 95 92 75 55 47 43 
853 881 882 898 917 962 849 825 810 804 796 757 706 688 678 654 594 526 519 516 492 479 477 474 453 439 409 396 386 385 377 364 347 308 304 277 261 232 230 193 185 162 160 131 95 92 75 55 47 43 
849 853 881 882 898 917 962 825 810 804 796 757 706 688 678 654 594 526 519 516 492 479 477 474 453 439 409 396 386 385 377 364 347 308 304 277 261 232 230 193 185 162 160 131 95 92 75 55 47 43 
825 849 853 881 882 898 917 962 810 804 796 757 706 688 678 654 594 526 519 516 492 479 477 474 453 439 409 396 386 385 377 364 347 308 304 277 261 232 230 193 185 162 160 131 95 92 75 55 47 43 
810 825 849 853 881 882 898 917 962 804 796 757 706 688 678 654 594 526 519 516 492 479 477 474 453 439 409 396 386 385 377 364 347 308 304 277 261 232 230 193 185 162 160 131 95 92 75 55 47 43 
804 810 825 849 853 881 882 898 917 962 796 757 706 688 678 654 594 526 519 516 492 479 477 474 453 439 409 396 386 385 377 364 347 308 304 277 261 232 230 193 185 162 160 131 95 92 75 55 47 43 
796 804 810 825 849 853 881 882 898 917 962 757 706 688 678 654 594 526 519 516 492 479 477 474 453 439 409 396 386 385 377 364 347 308 304 277 261 232 230 193 185 162 160 131 95 92 75 55 47 43 
757 796 804 810 825 849 853 881 882 898 917 962 706 688 678 654 594 526 519 516 492 479 477 474 453 439 409 396 386 385 377 364 347 308 304 277 261 232 230 193 185 162 160 131 95 92 75 55 47 43 
706 757 796 804 810 825 849 853 881 882 898 917 962 688 678 654 594 526 519 516 492 479 477 474 453 439 409 396 386 385 377 364 347 308 304 277 261 232 230 193 185 162 160 131 95 92 75 55 47 43 
688 706 757 796 804 810 825 849 853 881 882 898 917 962 678 654 594 526 519 516 492 479 477 474 453 439 409 396 386 385 377 364 347 308 304 277 261 232 230 193 185 162 160 131 95 92 75 55 47 43 
678 688 706 757 796 804 810 825 849 853 881 882 898 917 962 654 594 526 519 516 492 479 477 474 453 439 409 396 386 385 377 364 347 308 304 277 261 232 230 193 185 162 160 131 95 92 75 55 47 43 
654 678 688 706 757 796 804 810 825 849 853 881 882 898 917 962 594 526 519 516 492 479 477 474 453 439 409 396 386 385 377 364 347 308 304 277 261 232 230 193 185 162 160 131 95 92 75 55 47 43 
594 654 678 688 706 757 796 804 810 825 849 853 881 882 898 917 962 526 519 516 492 479 477 474 453 439 409 396 386 385 377 364 347 308 304 277 261 232 230 193 185 162 160 131 95 92 75 55 47 43 
526 594 654 678 688 706 757 796 804 810 825 849 853 881 882 898 917 962 519 516 492 479 477 474 453 439 409 396 386 385 377 364 347 308 304 277 261 232 230 193 185 162 160 131 95 92 75 55 47 43 
519 526 594 654 678 688 706 757 796 804 810 825 849 853 881 882 898 917 962 516 492 479 477 474 453 439 409 396 386 385 377 364 347 308 304 277 261 232 230 193 185 162 160 131 95 92 75 55 47 43 
516 519 526 594 654 678 688 706 757 796 804 810 825 849 853 881 882 898 917 962 492 479 477 474 453 439 409 396 386 385 377 364 347 308 304 277 261 232 230 193 185 162 160 131 95 92 75 55 47 43 
492 516 519 526 594 654 678 688 706 757 796 804 810 825 849 853 881 882 898 917 962 479 477 474 453 439 409 396 386 385 377 364 347 308 304 277 261 232 230 193 185 162 160 131 95 92 75 55 47 43 
479 492 516 519 526 594 654 678 688 706 757 796 804 810 825 849 853 881 882 898 917 962 477 474 453 439 409 396 386 385 377 364 347 308 304 277 261 232 230 193 185 162 160 131 95 92 75 55 47 43 
477 479 492 516 519 526 594 654 678 688 706 757 796 804 810 825 849 853 881 882 898 917 962 474 453 439 409 396 386 385 377 364 347 308 304 277 261 232 230 193 185 162 160 131 95 92 75 55 47 43 
474 477 479 492 516 519 526 594 654 678 688 706 757 796 804 810 825 849 853 881 882 898 917 962 453 439 409 396 386 385 377 364 347 308 304 277 261 232 230 193 185 162 160 131 95 92 75 55 47 43 
453 474 477 479 492 516 519 526 594 654 678 688 706 757 796 804 810 825 849 853 881 882 898 917 962 439 409 396 386 385 377 364 347 308 304 277 261 232 230 193 185 162 160 131 95 92 75 55 47 43 
439 453 474 477 479 492 516 519 526 594 654 678 688 706 757 796 804 810 825 849 853 881 882 898 917 962 409 396 386 385 377 364 347 308 304 277 261 232 230 193 185 162 160 131 95 92 75 55 47 43 
409 439 453 474 477 479 492 516 519 526 594 654 678 688 706 757 796 804 810 825 849 853 881 882 898 917 962 396 386 385 377 364 347 308 304 277 261 232 230 193 185 162 160 131 95 92 75 55 47 43 
396 409 439 453 474 477 479 492 516 519 526 594 654 678 688 706 757 796 804 810 825 849 853 881 882 898 917 962 386 385 377 364 347 308 304 277 261 232 230 193 185 162 160 131 95 92 75 55 47 43 
386 396 409 439 453 474 477 479 492 516 519 526 594 654 678 688 706 757 796 804 810 825 849 853 881 882 898 917 962 385 377 364 347 308 304 277 261 232 230 193 185 162 160 131 95 92 75 55 47 43 
385 386 396 409 439 453 474 477 479 492 516 519 526 594 654 678 688 706 757 796 804 810 825 849 853 881 882 898 917 962 377 364 347 308 304 277 261 232 230 193 185 162 160 131 95 92 75 55 47 43 
377 385 386 396 409 439 453 474 477 479 492 516 519 526 594 654 678 688 706 757 796 804 810 825 849 853 881 882 898 917 962 364 347 308 304 277 261 232 230 193 185 162 160 131 95 92 75 55 47 43 
364 377 385 386 396 409 439 453 474 477 479 492 516 519 526 594 654 678 688 706 757 796 804 810 825 849 853 881 882 898 917 962 347 308 304 277 261 232 230 193 185 162 160 131 95 92 75 55 47 43 
347 364 377 385 386 396 409 439 453 474 477 479 492 516 519 526 594 654 678 688 706 757 796 804 810 825 849 853 881 882 898 917 962 308 304 277 261 232 230 193 185 162 160 131 95 92 75 55 47 43 
308 347 364 377 385 386 396 409 439 453 474 477 479 492 516 519 526 594 654 678 688 706 757 796 804 810 825 849 853 881 882 898 917 962 304 277 261 232 230 193 185 162 160 131 95 92 75 55 47 43 
304 308 347 364 377 385 386 396 409 439 453 474 477 479 492 516 519 526 594 654 678 688 706 757 796 804 810 825 849 853 881 882 898 917 962 277 261 232 230 193 185 162 160 131 95 92 75 55 47 43 
277 304 308 347 364 377 385 386 396 409 439 453 474 477 479 492 516 519 526 594 654 678 688 706 757 796 804 810 825 849 853 881 882 898 917 962 261 232 230 193 185 162 160 131 95 92 75 55 47 43 
261 277 304 308 347 364 377 385 386 396 409 439 453 474 477 479 492 516 519 526 594 654 678 688 706 757 796 804 810 825 849 853 881 882 898 917 962 232 230 193 185 162 160 131 95 92 75 55 47 43 
232 261 277 304 308 347 364 377 385 386 396 409 439 453 474 477 479 492 516 519 526 594 654 678 688 706 757 796 804 810 825 849 853 881 882 898 917 962 230 193 185 162 160 131 95 92 75 55 47 43 
230 232 261 277 304 308 347 364 377 385 386 396 409 439 453 474 477 479 492 516 519 526 594 654 678 688 706 757 796 804 810 825 849 853 881 882 898 917 962 193 185 162 160 131 95 92 75 55 47 43 
193 230 232 261 277 304 308 347 364 377 385 386 396 409 439 453 474 477 479 492 516 519 526 594 654 678 688 706 757 796 804 810 825 849 853 881 882 898 917 962 185 162 160 131 95 92 75 55 47 43 
185 193 230 232 261 277 304 308 347 364 377 385 386 396 409 439 453 474 477 479 492 516 519 526 594 654 678 688 706 757 796 804 810 825 849 853 881 882 898 917 962 162 160 131 95 92 75 55 47 43 
162 185 193 230 232 261 277 304 308 347 364 377 385 386 396 409 439 453 474 477 479 492 516 519 526 594 654 678 688 706 757 796 804 810 825 849 853 881 882 898 917 962 160 131 95 92 75 55 47 43 
160 162 185 193 230 232 261 277 304 308 347 364 377 385 386 396 409 439 453 474 477 479 492 516 519 526 594 654 678 688 706 757 796 804 810 825 849 853 881 882 898 917 962 131 95 92 75 55 47 43 
131 160 162 185 193 230 232 261 277 304 308 347 364 377 385 386 396 409 439 453 474 477 479 492 516 519 526 594 654 678 688 706 757 796 804 810 825 849 853 881 882 898 917 962 95 92 75 55 47 43 
95 131 160 162 185 193 230 232 261 277 304 308 347 364 377 385 386 396 409 439 453 474 477 479 492 516 519 526 594 654 678 688 706 757 796 804 810 825 849 853 881 882 898 917 962 92 75 55 47 43 
92 95 131 160 162 185 193 230 232 261 277 304 308 347 364 377 385 386 396 409 439 453 474 477 479 492 516 519 526 594 654 678 688 706 757 796 804 810 825 849 853 881 882 898 917 962 75 55 47 43 
75 92 95 131 160 162 185 193 230 232 261 277 304 308 347 364 377 385 386 396 409 439 453 474 477 479 492 516 519 526 594 654 678 688 706 757 796 804 810 825 849 853 881 882 898 917 962 55 47 43 
55 75 92 95 131 160 162 185 193 230 232 261 277 304 308 347 364 377 385 386 396 409 439 453 474 477 479 492 516 519 526 594 654 678 688 706 757 796 804 810 825 849 853 881 882 898 917 962 47 43 
47 55 75 92 95 131 160 162 185 193 230 232 261 277 304 308 347 364 377 385 386 396 409 439 453 474 477 479 492 516 519 526 594 654 678 688 706 757 796 804 810 825 849 853 881 882 898 917 962 43 
439 882 304 453 477 377 796 92 160 853 849 193 75 492 385 474 804 386 347 479 757 526 810 706 277 516 654 55 95 881 917 396 43 131 162 825 594 47 898 232 962 364 688 185 409 261 308 678 519 230 
439 304 453 477 377 796 92 160 853 849 193 75 492 385 474 804 386 347 479 757 526 810 706 277 516 654 55 95 881 882 396 43 131 162 825 594 47 898 232 917 364 688 185 409 261 308 678 519 230 962 
304 439 453 377 477 92 160 796 849 193 75 492 385 474 804 386 347 479 757 526 810 706 277 516 654 55 95 853 881 396 43 131 162 825 594 47 882 232 898 364 688 185 409 261 308 678 519 230 917 962 
304 439 377 453 92 160 477 796 193 75 492 385 474 804 386 347 479 757 526 810 706 277 516 654 55 95 849 853 396 43 131 162 825 594 47 881 232 882 364 688 185 409 261 308 678 519 230 898 917 962 
304 377 439 92 160 453 477 193 75 492 385 474 796 386 347 479 757 526 804 706 277 516 654 55 95 810 849 396 43 131 162 825 594 47 853 232 881 364 688 185 409 261 308 678 519 230 882 898 917 962 
304 377 92 160 439 453 193 75 477 385 474 492 386 347 479 757 526 796 706 277 516 654 55 95 804 810 396 43 131 162 825 594 47 849 232 853 364 688 185 409 261 308 678 519 230 881 882 898 917 962 
304 92 160 377 439 193 75 453 385 474 477 386 347 479 492 526 757 706 277 516 654 55 95 796 804 396 43 131 162 810 594 47 825 232 849 364 688 185 409 261 308 678 519 230 853 881 882 898 917 962 
92 160 304 377 193 75 439 385 453 474 386 347 477 479 492 526 706 277 516 654 55 95 757 796 396 43 131 162 804 594 47 810 232 825 364 688 185 409 261 308 678 519 230 849 853 881 882 898 917 962 
92 160 304 193 75 377 385 439 453 386 347 474 477 479 492 526 277 516 654 55 95 706 757 396 43 131 162 796 594 47 804 232 810 364 688 185 409 261 308 678 519 230 825 849 853 881 882 898 917 962 
92 160 193 75 304 377 385 439 386 347 453 474 477 479 492 277 516 526 55 95 654 706 396 43 131 162 757 594 47 796 232 804 364 688 185 409 261 308 678 519 230 810 825 849 853 881 882 898 917 962 
92 160 75 193 304 377 385 386 347 439 453 474 477 479 277 492 516 55 95 526 654 396 43 131 162 706 594 47 757 232 796 364 688 185 409 261 308 678 519 230 804 810 825 849 853 881 882 898 917 962 
92 75 160 193 304 377 385 347 386 439 453 474 477 277 479 492 55 95 516 526 396 43 131 162 654 594 47 706 232 757 364 688 185 409 261 308 678 519 230 796 804 810 825 849 853 881 882 898 917 962 
75 92 160 193 304 377 347 385 386 439 453 474 277 477 479 55 95 492 516 396 43 131 162 526 594 47 654 232 706 364 688 185 409 261 308 678 519 230 757 796 804 810 825 849 853 881 882 898 917 962 
75 92 160 193 304 347 377 385 386 439 453 277 474 477 55 95 479 492 396 43 131 162 516 526 47 594 232 654 364 688 185 409 261 308 678 519 230 706 757 796 804 810 825 849 853 881 882 898 917 962 
75 92 160 193 304 347 377 385 386 439 277 453 474 55 95 477 479 396 43 131 162 492 516 47 526 232 594 364 654 185 409 261 308 678 519 230 688 706 757 796 804 810 825 849 853 881 882 898 917 962 
75 92 160 193 304 347 377 385 386 277 439 453 55 95 474 477 396 43 131 162 479 492 47 516 232 526 364 594 185 409 261 308 654 519 230 678 688 706 757 796 804 810 825 849 853 881 882 898 917 962 
75 92 160 193 304 347 377 385 277 386 439 55 95 453 474 396 43 131 162 477 479 47 492 232 516 364 526 185 409 261 308 594 519 230 654 678 688 706 757 796 804 810 825 849 853 881 882 898 917 962 
75 92 160 193 304 347 377 277 385 386 55 95 439 453 396 43 131 162 474 477 47 479 232 492 364 516 185 409 261 308 526 519 230 594 654 678 688 706 757 796 804 810 825 849 853 881 882 898 917 962 
75 92 160 193 304 347 277 377 385 55 95 386 439 396 43 131 162 453 474 47 477 232 479 364 492 185 409 261 308 516 519 230 526 594 654 678 688 706 757 796 804 810 825 849 853 881 882 898 917 962 
75 92 160 193 304 277 347 377 55 95 385 386 396 43 131 162 439 453 47 474 232 477 364 479 185 409 261 308 492 516 230 519 526 594 654 678 688 706 757 796 804 810 825 849 853 881 882 898 917 962 
75 92 160 193 277 304 347 55 95 377 385 386 43 131 162 396 439 47 453 232 474 364 477 185 409 261 308 479 492 230 516 519 526 594 654 678 688 706 757 796 804 810 825 849 853 881 882 898 917 962 
75 92 160 193 277 304 55 95 347 377 385 43 131 162 386 396 47 439 232 453 364 474 185 409 261 308 477 479 230 492 516 519 526 594 654 678 688 706 757 796 804 810 825 849 853 881 882 898 917 962 
75 92 160 193 277 55 95 304 347 377 43 131 162 385 386 47 396 232 439 364 453 185 409 261 308 474 477 230 479 492 516 519 526 594 654 678 688 706 757 796 804 810 825 849 853 881 882 898 917 962 
75 92 160 193 55 95 277 304 347 43 131 162 377 385 47 386 232 396 364 439 185 409 261 308 453 474 230 477 479 492 516 519 526 594 654 678 688 706 757 796 804 810 825 849 853 881 882 898 917 962 
75 92 160 55 95 193 277 304 43 131 162 347 377 47 385 232 386 364 396 185 409 261 308 439 453 230 474 477 479 492 516 519 526 594 654 678 688 706 757 796 804 810 825 849 853 881 882 898 917 962 
75 92 55 95 160 193 277 43 131 162 304 347 47 377 232 385 364 386 185 396 261 308 409 439 230 453 474 477 479 492 516 519 526 594 654 678 688 706 757 796 804 810 825 849 853 881 882 898 917 962 
75 55 92 95 160 193 43 131 162 277 304 47 347 232 377 364 385 185 386 261 308 396 409 230 439 453 474 477 479 492 516 519 526 594 654 678 688 706 757 796 804 810 825 849 853 881 882 898 917 962 
55 75 92 95 160 43 131 162 193 277 47 304 232 347 364 377 185 385 261 308 386 396 230 409 439 453 474 477 479 492 516 519 526 594 654 678 688 706 757 796 804 810 825 849 853 881 882 898 917 962 
55 75 92 95 43 131 160 162 193 47 277 232 304 347 364 185 377 261 308 385 386 230 396 409 439 453 474 477 479 492 516 519 526 594 654 678 688 706 757 796 804 810 825 849 853 881 882 898 917 962 
55 75 92 43 95 131 160 162 47 193 232 277 304 347 185 364 261 308 377 385 230 386 396 409 439 453 474 477 479 492 516 519 526 594 654 678 688 706 757 796 804 810 825 849 853 881 882 898 917 962 
55 75 43 92 95 131 160 47 162 193 232 277 304 185 347 261 308 364 377 230 385 386 396 409 439 453 474 477 479 492 516 519 526 594 654 678 688 706 757 796 804 810 825 849 853 881 882 898 917 962 
55 43 75 92 95 131 47 160 162 193 232 277 185 304 261 308 347 364 230 377 385 386 396 409 439 453 474 477 479 492 516 519 526 594 654 678 688 706 757 796 804 810 825 849 853 881 882 898 917 962 
43 55 75 92 95 47 131 160 162 193 232 185 277 261 304 308 347 230 364 377 385 386 396 409 439 453 474 477 479 492 516 519 526 594 654 678 688 706 757 796 804 810 825 849 853 881 882 898 917 962 
43 55 75 92 47 95 131 160 162 193 185 232 261 277 304 308 230 347 364 377 385 386 396 409 439 453 474 477 479 492 516 519 526 594 654 678 688 706 757 796 804 810 825 849 853 881 882 898 917 962 
43 55 75 47 92 95 131 160 162 185 193 232 261 277 304 230 308 347 364 377 385 386 396 409 439 453 474 477 479 492 516 519 526 594 654 678 688 706 757 796 804 810 825 849 853 881 882 898 917 962 
43 55 47 75 92 95 131 160 162 185 193 232 261 277 230 304 308 347 364 377 385 386 396 409 439 453 474 477 479 492 516 519 526 594 654 678 688 706 757 796 804 810 825 849 853 881 882 898 917 962 
43 47 55 75 92 95 131 160 162 185 193 232 261 230 277 304 308 347 364 377 385 386 396 409 439 453 474 477 479 492 516 519 526 594 654 678 688 706 757 796 804 810 825 849 853 881 882 898 917 962 
43 47 55 75 92 95 131 160 162 185 193 232 230 261 277 304 308 347 364 377 385 386 396 409 439 453 474 477 479 492 516 519 526 594 654 678 688 706 757 796 804 810 825 849 853 881 882 898 917 962 
43 47 55 75 92 95 131 160 162 185 193 230 232 261 277 304 308 347 364 377 385 386 396 409 439 453 474 477 479 492 516 519 526 594 654 678 688 706 757 796 804 810 825 849 853 881 882 898 917 962 
43 47 55 75 92 95 131 160 162 185 193 230 232 261 277 304 308 347 364 377 385 386 396 409 439 453 474 477 479 492 516 519 526 594 654 678 688 706 757 796 804 810 825 849 853 881 882 898 917 962 
43 47 55 75 92 95 131 160 162 185 193 230 232 261 277 304 308 347 364 377 385 386 396 409 439 453 474 477 479 492 516 519 526 594 654 678 688 706 757 796 804 810 825 849 853 881 882 898 917 962 
43 47 55 75 92 95 131 160 162 185 193 230 232 261 277 304 308 347 364 377 385 386 396 409 439 453 474 477 479 492 516 519 526 594 654 678 688 706 757 796 804 810 825 849 853 881 882 898 917 962 
43 47 55 75 92 95 131 160 162 185 193 230 232 261 277 304 308 347 364 377 385 386 396 409 439 453 474 477 479 492 516 519 526 594 654 678 688 706 757 796 804 810 825 849 853 881 882 898 917 962 
43 47 55 75 92 95 131 160 162 185 193 230 232 261 277 304 308 347 364 377 385 386 396 409 439 453 474 477 479 492 516 519 526 594 654 678 688 706 757 796 804 810 825 849 853 881 882 898 917 962 
43 47 55 75 92 95 131 160 162 185 193 230 232 261 277 304 308 347 364 377 385 386 396 409 439 453 474 477 479 492 516 519 526 594 654 678 688 706 757 796 804 810 825 849 853 881 882 898 917 962 
43 47 55 75 92 95 131 160 162 185 193 230 232 261 277 304 308 347 364 377 385 386 396 409 439 453 474 477 479 492 516 519 526 594 654 678 688 706 757 796 804 810 825 849 853 881 882 898 917 962 
43 47 55 75 92 95 131 160 162 185 193 230 232 261 277 304 308 347 364 377 385 386 396 409 439 453 474 477 479 492 516 519 526 594 654 678 688 706 757 796 804 810 825 849 853 881 882 898 917 962 
43 47 55 75 92 95 131 160 162 185 193 230 232 261 277 304 308 347 364 377 385 386 396 409 439 453 474 477 479 492 516 519 526 594 654 678 688 706 757 796 804 810 825 849 853 881 882 898 917 962 
43 47 55 75 92 95 131 160 162 185 193 230 232 261 277 304 308 347 364 377 385 386 396 409 439 453 474 477 479 492 516 519 526 594 654 678 688 706 757 796 804 810 825 849 853 881 882 898 917 962 
43 47 55 75 92 95 131 160 162 185 193 230 232 261 277 304 308 347 364 377 385 386 396 409 439 453 474 477 479 492 516 519 526 594 654 678 688 706 757 796 804 810 825 849 853 881 882 898 917 962 
43 47 55 75 92 95 131 160 162 185 193 230 232 261 277 304 308 347 364 377 385 386 396 409 439 453 474 477 479 492 516 519 526 594 654 678 688 706 757 796 804 810 825 849 853 881 882 898 917 962 
